U_str: 4 знак прыгает

d_U = 0.000035 * 1.3 + 0.000005 * 10 = 1*10^-4 В
eps_U = 0.0004

dR_e = 0.0001*10 = 1*10^-3 Ом
eps_R = 0.0001

dR_m = 0.01 Ом

